         1         3       166   2.4346191E+02   5.9408062E+03   6.0000000E+00
         1         3       167   2.4293291E+02   5.2713145E+03   6.0000000E+00
         1         4       167   2.4209666E+02   1.2452433E+04   6.0000000E+00
         1         4       168   2.4147679E+02   6.8550037E+02   6.0000000E+00
         1         5       167   2.4126794E+02   3.7408872E+03   6.0000000E+00
         1         5       168   2.4067812E+02   8.7603926E+03   6.0000000E+00
         1         6        25   3.4962656E+02   4.0773473E+04   6.0000000E+00
         1         6       167   2.3999908E+02   5.6312500E+03   6.0000000E+00
         1         6       168   2.3942194E+02   6.6011230E+03   6.0000000E+00
         1         6       174   2.3412047E+02   1.1652598E+06   6.0000000E+00
         1         6       175   2.3380060E+02   6.3603037E+03   6.0000000E+00
         1         7        25   3.4945007E+02   9.3841281E+04   6.0000000E+00
         1         7       168   2.3870740E+02   8.5433926E+03   6.0000000E+00
         1         7       169   2.3798541E+02   6.7583223E+03   6.0000000E+00
         1         7       175   2.3322540E+02   7.1725685E+06   6.0000000E+00
         1         8        25   3.4920279E+02   9.4800719E+04   6.0000000E+00
         1         8       169   2.3746925E+02   4.1815762E+03   6.0000000E+00
         1         8       170   2.3666988E+02   1.2760755E+04   6.0000000E+00
         1         8       171   2.3569627E+02   7.8745464E+03   6.0000000E+00
         1         8       172   2.3520837E+02   2.4663735E+03   6.0000000E+00
         1         8       173   2.3403377E+02   1.1773926E+04   6.0000000E+00
         1         8       174   2.3257831E+02   9.3221350E+02   6.0000000E+00
         1         8       176   2.3201413E+02   7.3699419E+03   6.0000000E+00
         1         8       177   2.3153215E+02   3.9697820E+03   6.0000000E+00
         1         9        25   3.4875000E+02   9.9455914E+02   6.0000000E+00
         1         9        26   3.4875000E+02   5.3043950E+03   6.0000000E+00
         1         9       171   2.3484064E+02   5.3273086E+03   6.0000000E+00
         1         9       172   2.3305026E+02   9.0709102E+03   6.0000000E+00
         1         9       174   2.3180666E+02   1.5422605E+04   6.0000000E+00
         1         9       177   2.3098157E+02   8.9837881E+03   6.0000000E+00
         1         9       178   2.3042081E+02   4.2094473E+03   6.0000000E+00
         1        10        16   3.5028372E+02   6.7081570E+06   6.0000000E+00
         1        10        17   3.5009854E+02   9.7636180E+06   6.0000000E+00
         1        10        18   3.4988205E+02   9.4888430E+06   6.0000000E+00
         1        10        25   3.4875000E+02   1.1203784E+07   6.0000000E+00
         1        10       172   2.3131900E+02   2.9906338E+03   6.0000000E+00
         1        10       173   2.3121523E+02   9.8849873E+03   6.0000000E+00
         1        10       174   2.3102950E+02   1.0489874E+03   6.0000000E+00
         1        10       175   2.3070712E+02   1.7705094E+04   6.0000000E+00
         1        10       176   2.3047134E+02   1.1675940E+03   6.0000000E+00
         1        10       177   2.3001732E+02   1.0767217E+04   6.0000000E+00
         1        10       178   2.2977594E+02   1.0962286E+04   6.0000000E+00
         1        11        12   3.5297141E+02   7.3375734E+04   6.0000000E+00
         1        11        13   3.5234610E+02   9.3411540E+06   6.0000000E+00
         1        11        14   3.5161658E+02   1.0116964E+05   6.0000000E+00
         1        11        15   3.5086362E+02   9.9656648E+04   6.0000000E+00
         1        11        16   3.5041125E+02   4.6352164E+04   6.0000000E+00
         1        11        18   3.4976428E+02   9.8705569E+05   6.0000000E+00
         1        11        19   3.4964511E+02   9.6109870E+06   6.0000000E+00
         1        11        23   3.4875000E+02   1.0977893E+04   6.0000000E+00
         1        11        24   3.4875000E+02   1.1126877E+07   6.0000000E+00
         1        11        25   3.4875000E+02   3.7548680E+04   6.0000000E+00
         1        11       166   2.4176424E+02   4.1475771E+03   6.0000000E+00
         1        11       171   2.3169067E+02   2.1953901E+03   6.0000000E+00
         1        11       172   2.3144138E+02   1.2194192E+04   6.0000000E+00
         1        11       174   2.3050829E+02   2.6049038E+03   6.0000000E+00
         1        11       175   2.3029134E+02   1.7220699E+04   6.0000000E+00
         1        11       176   2.2974210E+02   1.7345898E+04   6.0000000E+00
         1        11       177   2.2942917E+02   5.9459058E+03   6.0000000E+00
         1        11       178   2.2925755E+02   7.6766191E+03   6.0000000E+00
         1        11       179   2.2912393E+02   1.4497611E+04   6.0000000E+00
         1        11       180   2.2896669E+02   1.1595057E+04   6.0000000E+00
         1        11       181   2.2889299E+02   6.3440564E+02   6.0000000E+00
         1        11       182   2.2857687E+02   2.9190728E+03   6.0000000E+00
         1        11       183   2.2857185E+02   1.7087310E+06   6.0000000E+00
         1        11       184   2.2857001E+02   1.0666011E+07   6.0000000E+00
         1        11       185   2.2857001E+02   1.2634466E+07   6.0000000E+00
         1        11       186   2.2857001E+02   1.6740636E+06   6.0000000E+00
         1        12        11   3.5401154E+02   1.0341018E+05   6.0000000E+00
         1        12        12   3.5343518E+02   5.0324230E+04   6.0000000E+00
         1        12        19   3.4942072E+02   1.0347454E+07   6.0000000E+00
         1        12        20   3.4927444E+02   2.6614190E+06   6.0000000E+00
         1        12        23   3.4875000E+02   9.8888640E+06   6.0000000E+00
         1        12       166   2.4105818E+02   6.8711699E+03   6.0000000E+00
         1        12       167   2.4021400E+02   6.3031724E+03   6.0000000E+00
         1        12       170   2.3349136E+02   6.1859819E+03   6.0000000E+00
         1        12       171   2.3246317E+02   9.8601943E+03   6.0000000E+00
         1        12       172   2.3155000E+02   5.5503354E+03   6.0000000E+00
         1        12       175   2.2955573E+02   1.6903939E+03   6.0000000E+00
         1        12       176   2.2934048E+02   3.1132644E+03   6.0000000E+00
         1        12       181   2.2862724E+02   2.5434612E+03   6.0000000E+00
         1        12       182   2.2861313E+02   1.0477618E+04   6.0000000E+00
         1        12       183   2.2861501E+02   9.3755884E+02   6.0000000E+00
         1        12       184   2.2866000E+02   1.0358266E+07   6.0000000E+00
         1        13        10   3.5498065E+02   1.3520622E+05   6.0000000E+00
         1        13        11   3.5443649E+02   9.9322842E+03   6.0000000E+00
         1        13        20   3.4911462E+02   1.1553798E+07   6.0000000E+00
         1        13        21   3.4893781E+02   4.1725380E+06   6.0000000E+00
         1        13        22   3.4875000E+02   6.8628815E+06   6.0000000E+00
         1        13        23   3.4875000E+02   8.0151539E+04   6.0000000E+00
         1        13        30   3.4228000E+02   2.6100679E+03   6.0000000E+00
         1        13       167   2.3917995E+02   9.8344971E+03   6.0000000E+00
         1        13       168   2.3779633E+02   1.1758725E+04   6.0000000E+00
         1        13       169   2.3524300E+02   9.7510742E+03   6.0000000E+00
         1        13       170   2.3421202E+02   5.0607822E+03   6.0000000E+00
         1        13       171   2.3155000E+02   8.6491650E+03   6.0000000E+00
         1        13       172   2.3155000E+02   8.9812085E+02   6.0000000E+00
         1        13       184   2.2866000E+02   2.8954448E+03   6.0000000E+00
         1        13       185   2.2866000E+02   6.2351392E+03   6.0000000E+00
         1        14         7   3.5731439E+02   2.2897904E+04   6.0000000E+00
         1        14         8   3.5684131E+02   1.0328240E+05   6.0000000E+00
         1        14         9   3.5605270E+02   1.0706469E+05   6.0000000E+00
         1        14        10   3.5556943E+02   2.1834578E+04   6.0000000E+00
         1        14        21   3.4875000E+02   3.6643620E+06   6.0000000E+00
         1        14        22   3.4875000E+02   4.9865457E+04   6.0000000E+00
         1        14        30   3.4228000E+02   7.8514820E+06   6.0000000E+00
         1        14       167   2.3645534E+02   9.1689180E+03   6.0000000E+00
         1        14       168   2.3457722E+02   6.3879602E+02   6.0000000E+00
         1        14       170   2.3234550E+02   4.8960732E+03   6.0000000E+00
         1        14       171   2.3184663E+02   7.1811016E+03   6.0000000E+00
         1        14       172   2.3155000E+02   2.3482510E+03   6.0000000E+00
         1        15         7   3.5762012E+02   5.8647703E+04   6.0000000E+00
         1        15        21   3.4856042E+02   4.6933555E+04   6.0000000E+00
         1        15        22   3.4838763E+02   6.7513914E+04   6.0000000E+00
         1        15        30   3.4185220E+02   8.4970693E+03   6.0000000E+00
         1        15        31   3.4141382E+02   3.2457744E+03   6.0000000E+00
         1        15       147   2.5024887E+02   6.8898926E+02   6.0000000E+00
         1        15       170   2.3303053E+02   1.1687786E+07   6.0000000E+00
         1        16        22   3.4809363E+02   1.2723690E+05   6.0000000E+00
         1        16        23   3.4780811E+02   6.1891180E+04   6.0000000E+00
         1        16        31   3.4086713E+02   1.1397535E+04   6.0000000E+00
         1        16        33   3.3866052E+02   8.8610641E+04   6.0000000E+00
         1        16        34   3.3794894E+02   1.0199440E+07   6.0000000E+00
         1        16        35   3.3721616E+02   9.4284690E+06   6.0000000E+00
         1        16       144   2.5364284E+02   7.0404297E+04   6.0000000E+00
         1        16       145   2.5292892E+02   9.3227594E+04   6.0000000E+00
         1        16       146   2.5208823E+02   9.9462234E+04   6.0000000E+00
         1        16       147   2.5111642E+02   1.2327624E+05   6.0000000E+00
         1        16       148   2.5042876E+02   3.4340332E+04   6.0000000E+00
         1        16       169   2.3425475E+02   7.3270125E+06   6.0000000E+00
         1        16       170   2.3373270E+02   5.3113105E+06   6.0000000E+00
         1        17        23   3.4760672E+02   7.1521023E+04   6.0000000E+00
         1        17        24   3.4733353E+02   1.0944745E+05   6.0000000E+00
         1        17        25   3.4713907E+02   1.9363268E+04   6.0000000E+00
         1        17        31   3.4034720E+02   2.5290317E+03   6.0000000E+00
         1        17        32   3.3977979E+02   1.2670339E+04   6.0000000E+00
         1        17        33   3.3914905E+02   4.2244888E+03   6.0000000E+00
         1        17        35   3.3647192E+02   1.0507024E+07   6.0000000E+00
         1        17        36   3.3607947E+02   4.3523628E+01   6.0000000E+00
         1        17       148   2.4982895E+02   8.9357992E+04   6.0000000E+00
         1        17       149   2.4887485E+02   1.2932667E+05   6.0000000E+00
         1        17       150   2.4823062E+02   1.8330898E+04   6.0000000E+00
         1        17       165   2.3516438E+02   7.3013828E+03   6.0000000E+00
         1        17       166   2.3483784E+02   6.8329010E+06   6.0000000E+00
         1        17       167   2.3467999E+02   9.7438300E+06   6.0000000E+00
         1        17       168   2.3467999E+02   9.8545460E+06   6.0000000E+00
         1        17       169   2.3467999E+02   2.3540295E+06   6.0000000E+00
         1        18        25   3.4691425E+02   1.2956322E+05   6.0000000E+00
         1        18        36   3.3567642E+02   1.0792146E+05   6.0000000E+00
         1        18       149   2.4773300E+02   9.5724945E+04   6.0000000E+00
         1        18       157   2.4220995E+02   3.0618296E+03   6.0000000E+00
         1        18       164   2.3482773E+02   1.8401775E+03   6.0000000E+00
         1        18       165   2.3537653E+02   1.8818123E+03   6.0000000E+00
         1        18       166   2.3468364E+02   2.3570237E+03   6.0000000E+00
         1        18       168   2.3525842E+02   9.8411094E+03   6.0000000E+00
         1        19        24   3.4637097E+02   3.5278852E+04   6.0000000E+00
         1        19        25   3.4657144E+02   9.7515555E+04   6.0000000E+00
         1        19        36   3.3495905E+02   8.4229770E+06   6.0000000E+00
         1        19        37   3.3447076E+02   4.6567734E+04   6.0000000E+00
         1        19       149   2.4688841E+02   9.7855445E+04   6.0000000E+00
         1        19       155   2.4516528E+02   1.8722440E+03   6.0000000E+00
         1        19       156   2.4453244E+02   1.0637526E+04   6.0000000E+00
         1        19       157   2.4356940E+02   8.3992109E+03   6.0000000E+00
         1        19       158   2.4275467E+02   7.7059756E+03   6.0000000E+00
         1        19       162   2.3508167E+02   5.1505811E+03   6.0000000E+00
         1        19       163   2.3496494E+02   1.4876352E+04   6.0000000E+00
         1        19       164   2.3486324E+02   2.5737092E+03   6.0000000E+00
         1        19       165   2.3468948E+02   1.9694304E+03   6.0000000E+00
         1        19       168   2.3619154E+02   1.0637261E+04   6.0000000E+00
         1        20        24   3.4614984E+02   1.1119867E+05   6.0000000E+00
         1        20        37   3.3391077E+02   1.0343221E+04   6.0000000E+00
         1        20        38   3.3341827E+02   2.8481268E+04   6.0000000E+00
         1        20       149   2.4604338E+02   9.5831945E+04   6.0000000E+00
         1        20       158   2.4142165E+02   1.2520996E+04   6.0000000E+00
         1        20       162   2.3541660E+02   1.1839584E+04   6.0000000E+00
         1        20       163   2.3522963E+02   2.0235619E+04   6.0000000E+00
         1        20       167   2.3733148E+02   5.7192192E+03   6.0000000E+00
         1        20       168   2.3687357E+02   4.3301885E+03   6.0000000E+00
         1        21        24   3.4582986E+02   1.0076728E+05   6.0000000E+00
         1        21        38   3.3290610E+02   1.0871532E+04   6.0000000E+00
         1        21        39   3.3242975E+02   1.8877969E+04   6.0000000E+00
         1        21       142   2.5428574E+02   5.7711891E+04   6.0000000E+00
         1        21       143   2.5389857E+02   1.1681599E+05   6.0000000E+00
         1        21       144   2.5338631E+02   1.1410559E+05   6.0000000E+00
         1        21       148   2.4455722E+02   4.6463340E+03   6.0000000E+00
         1        21       149   2.4510138E+02   1.2007754E+05   6.0000000E+00
         1        21       158   2.4031203E+02   9.4130488E+03   6.0000000E+00
         1        21       161   2.3562975E+02   2.5532739E+03   6.0000000E+00
         1        21       162   2.3555023E+02   1.1089571E+04   6.0000000E+00
         1        21       167   2.3812579E+02   1.1712884E+04   6.0000000E+00
         1        22        24   3.4550394E+02   1.1511512E+05   6.0000000E+00
         1        22        39   3.3193301E+02   1.1417438E+04   6.0000000E+00
         1        22        40   3.3140570E+02   2.7071904E+04   6.0000000E+00
         1        22       141   2.5492554E+02   1.1418140E+05   6.0000000E+00
         1        22       142   2.5454300E+02   5.8258758E+04   6.0000000E+00
         1        22       144   2.5304755E+02   3.8605570E+04   6.0000000E+00
         1        22       145   2.5285095E+02   5.0015230E+04   6.0000000E+00
         1        22       149   2.4423232E+02   6.9823234E+04   6.0000000E+00
         1        22       150   2.4325819E+02   1.5344622E+04   6.0000000E+00
         1        22       157   2.3903345E+02   4.6918647E+03   6.0000000E+00
         1        22       158   2.3955333E+02   5.5846509E+03   6.0000000E+00
         1        22       161   2.3575870E+02   1.0288440E+04   6.0000000E+00
         1        22       162   2.3567168E+02   4.6409800E+03   6.0000000E+00
         1        22       165   2.3995221E+02   7.1380830E+03   6.0000000E+00
         1        22       166   2.3915544E+02   1.0347936E+04   6.0000000E+00
         1        22       167   2.3867172E+02   2.6779431E+02   6.0000000E+00
         1        23        24   3.4528909E+02   2.7205186E+03   6.0000000E+00
         1        23        25   3.4512994E+02   7.8229844E+04   6.0000000E+00
         1        23        30   3.3944885E+02   1.2743996E+04   6.0000000E+00
         1        23        31   3.3893369E+02   1.1403841E+05   6.0000000E+00
         1        23        32   3.3802231E+02   1.1025731E+05   6.0000000E+00
         1        23        40   3.3091638E+02   1.0400028E+05   6.0000000E+00
         1        23        41   3.3035690E+02   4.5859664E+04   6.0000000E+00
         1        23       140   2.5546112E+02   1.0768225E+05   6.0000000E+00
         1        23       141   2.5520053E+02   9.7882354E+03   6.0000000E+00
         1        23       145   2.5060770E+02   1.0013172E+05   6.0000000E+00
         1        23       150   2.4215837E+02   9.8638484E+04   6.0000000E+00
         1        23       151   2.4167747E+02   1.1582574E+03   6.0000000E+00
         1        23       157   2.3829305E+02   9.9440215E+03   6.0000000E+00
         1        23       158   2.3751999E+02   8.4693135E+03   6.0000000E+00
         1        23       159   2.3725999E+02   1.6273349E+02   6.0000000E+00
         1        23       160   2.3696521E+02   7.7202461E+03   6.0000000E+00
         1        23       161   2.3595030E+02   3.7963970E+01   6.0000000E+00
         1        23       164   2.4046843E+02   4.1908169E+03   6.0000000E+00
         1        23       165   2.4097139E+02   6.8470010E+03   6.0000000E+00
         1        24        25   3.4486362E+02   9.8173375E+04   6.0000000E+00
         1        24        29   3.4068515E+02   8.6864734E+04   6.0000000E+00
         1        24        30   3.3991641E+02   1.0232958E+05   6.0000000E+00
         1        24        32   3.3754150E+02   8.0736250E+03   6.0000000E+00
         1        24        33   3.3708902E+02   1.0328794E+05   6.0000000E+00
         1        24        41   3.2984567E+02   9.1080602E+04   6.0000000E+00
         1        24        42   3.2936948E+02   3.6470414E+04   6.0000000E+00
         1        24       131   2.6175000E+02   2.6885281E+04   6.0000000E+00
         1        24       132   2.6175000E+02   3.4427754E+04   6.0000000E+00
         1        24       145   2.4802446E+02   8.2749750E+04   6.0000000E+00
         1        24       146   2.4651106E+02   2.4391512E+04   6.0000000E+00
         1        24       150   2.4048135E+02   5.0166824E+04   6.0000000E+00
         1        24       151   2.4104787E+02   1.3272873E+05   6.0000000E+00
         1        24       152   2.4044440E+02   5.5897119E+03   6.0000000E+00
         1        24       153   2.4006361E+02   6.9166984E+04   6.0000000E+00
         1        24       154   2.3957054E+02   1.0134346E+04   6.0000000E+00
         1        24       155   2.3895255E+02   1.1919366E+04   6.0000000E+00
         1        24       156   2.3806412E+02   2.4554368E+03   6.0000000E+00
         1        24       157   2.3786806E+02   1.6238562E+03   6.0000000E+00
         1        24       158   2.3778999E+02   4.3313248E+02   6.0000000E+00
         1        24       159   2.3645624E+02   9.1775088E+03   6.0000000E+00
         1        24       160   2.3600999E+02   1.9918781E+03   6.0000000E+00
         1        24       161   2.3606252E+02   1.4248389E+04   6.0000000E+00
         1        24       164   2.4132985E+02   1.0198768E+03   6.0000000E+00
         1        24       165   2.4178311E+02   8.9272061E+03   6.0000000E+00
         1        25        22   3.4664319E+02   2.4123032E+02   6.0000000E+00
         1        25        23   3.4622742E+02   1.0438408E+05   6.0000000E+00
         1        25        24   3.4543890E+02   9.8161547E+04   6.0000000E+00
         1        25        25   3.4481339E+02   6.2517652E+04   6.0000000E+00
         1        25        26   3.4379483E+02   1.0048498E+05   6.0000000E+00
         1        25        27   3.4279779E+02   1.4489891E+05   6.0000000E+00
         1        25        28   3.4177209E+02   1.0753363E+05   6.0000000E+00
         1        25        29   3.4118661E+02   3.6550211E+04   6.0000000E+00
         1        25        33   3.3638300E+02   7.0463805E+04   6.0000000E+00
         1        25        34   3.3590222E+02   4.7860094E+04   6.0000000E+00
         1        25        42   3.2887326E+02   9.6442984E+04   6.0000000E+00
         1        25       132   2.5042297E+02   1.0142744E+05   6.0000000E+00
         1        25       133   2.5027483E+02   2.8239211E+04   6.0000000E+00
         1        25       146   2.4472395E+02   1.0212798E+05   6.0000000E+00
         1        25       147   2.4274689E+02   3.7839023E+04   6.0000000E+00
         1        25       148   2.4061156E+02   1.0080659E+04   6.0000000E+00
         1        25       149   2.4059927E+02   3.9379658E+03   6.0000000E+00
         1        25       150   2.4057317E+02   1.0977487E+05   6.0000000E+00
         1        25       151   2.4052042E+02   1.1986089E+05   6.0000000E+00
         1        25       152   2.4045128E+02   8.0728812E+04   6.0000000E+00
         1        25       153   2.3927699E+02   6.8206438E+04   6.0000000E+00
         1        25       155   2.3820238E+02   1.1110889E+04   6.0000000E+00
         1        25       156   2.3920628E+02   2.0154457E+03   6.0000000E+00
         1        25       157   2.3864578E+02   9.6463789E+03   6.0000000E+00
         1        25       161   2.3620081E+02   3.3559219E+03   6.0000000E+00
         1        25       162   2.3628165E+02   6.9344189E+03   6.0000000E+00
         1        25       165   2.4261600E+02   9.3514541E+03   6.0000000E+00
         1        26        21   3.4781567E+02   7.5607672E+04   6.0000000E+00
         1        26        22   3.4708694E+02   1.1157552E+05   6.0000000E+00
         1        26        34   3.3522903E+02   1.1781997E+05   6.0000000E+00
         1        26        35   3.3462531E+02   3.0764568E+04   6.0000000E+00
         1        26        38   3.3119571E+02   1.1651820E+04   6.0000000E+00
         1        26        39   3.3017816E+02   1.3390778E+04   6.0000000E+00
         1        26        40   3.2921298E+02   1.0363481E+04   6.0000000E+00
         1        26        41   3.2835266E+02   1.0809044E+05   6.0000000E+00
         1        26        42   3.2817661E+02   9.0163258E+04   6.0000000E+00
         1        26       133   2.5012592E+02   1.0209117E+05   6.0000000E+00
         1        26       134   2.4997588E+02   2.9239346E+04   6.0000000E+00
         1        26       146   2.4194667E+02   1.8812514E+04   6.0000000E+00
         1        26       147   2.4125047E+02   3.0475320E+04   6.0000000E+00
         1        26       148   2.4071985E+02   1.5488031E+05   6.0000000E+00
         1        26       149   2.4064424E+02   1.3217362E+05   6.0000000E+00
         1        26       156   2.4032101E+02   8.6858584E+03   6.0000000E+00
         1        26       157   2.3960335E+02   6.2455859E+03   6.0000000E+00
         1        26       162   2.3641919E+02   1.0576219E+04   6.0000000E+00
         1        26       165   2.4348544E+02   9.7294688E+03   6.0000000E+00
         1        27        35   3.3405038E+02   1.1072339E+05   6.0000000E+00
         1        27        36   3.3320688E+02   9.6870977E+04   6.0000000E+00
         1        27        37   3.3241397E+02   9.8270602E+04   6.0000000E+00
         1        27        38   3.3184192E+02   4.2515156E+04   6.0000000E+00
         1        27        42   3.2759406E+02   1.0834763E+05   6.0000000E+00
         1        27        56   3.2998889E+02   5.8855664E+04   6.0000000E+00
         1        27        61   3.5267010E+02   2.5099375E+03   6.0000000E+00
         1        27        62   3.4767404E+02   5.7490630E+03   6.0000000E+00
         1        27       134   2.4979814E+02   1.2631651E+05   6.0000000E+00
         1        27       145   2.4144400E+02   7.5719828E+04   6.0000000E+00
         1        27       146   2.4118472E+02   8.8876008E+04   6.0000000E+00
         1        27       147   2.4067944E+02   2.1042697E+04   6.0000000E+00
         1        27       148   2.4060472E+02   1.9723102E+04   6.0000000E+00
         1        27       156   2.4123291E+02   1.0286764E+04   6.0000000E+00
         1        27       162   2.3655336E+02   6.5042744E+03   6.0000000E+00
         1        27       163   2.3663748E+02   4.2033120E+03   6.0000000E+00
         1        27       165   2.4449068E+02   1.2331305E+04   6.0000000E+00
         1        27       166   2.4514627E+02   2.0563286E+03   6.0000000E+00
         1        28        42   3.2733652E+02   3.8494078E+04   6.0000000E+00
         1        28        43   3.2713058E+02   7.8939086E+04   6.0000000E+00
         1        28        55   3.2896857E+02   8.7972094E+04   6.0000000E+00
         1        28        56   3.2956064E+02   1.7265254E+04   6.0000000E+00
         1        28        61   3.4744110E+02   1.2074488E+04   6.0000000E+00
         1        28        62   3.4543045E+02   4.4394673E+03   6.0000000E+00
         1        28        63   3.4313031E+02   6.0060688E+03   6.0000000E+00
         1        28       134   2.4954494E+02   9.5301664E+04   6.0000000E+00
         1        28       135   2.4938834E+02   4.1771922E+04   6.0000000E+00
         1        28       138   2.4712230E+02   7.8813812E+04   6.0000000E+00
         1        28       145   2.4192960E+02   2.3256936E+05   6.0000000E+00
         1        28       155   2.4255798E+02   5.4989326E+03   6.0000000E+00
         1        28       156   2.4201051E+02   5.8915391E+03   6.0000000E+00
         1        28       163   2.3674944E+02   1.0049858E+04   6.0000000E+00
         1        28       166   2.4577954E+02   1.1841268E+04   6.0000000E+00
         1        29        43   3.2681903E+02   9.8696336E+04   6.0000000E+00
         1        29        55   3.2789523E+02   1.0281698E+05   6.0000000E+00
         1        29        60   3.3948178E+02   9.8823516E+03   6.0000000E+00
         1        29        61   3.4306845E+02   1.2140321E+02   6.0000000E+00
         1        29        62   3.3959497E+02   1.0048601E+05   6.0000000E+00
         1        29        63   3.3631226E+02   4.8589848E+04   6.0000000E+00
         1        29       135   2.4925105E+02   7.8371977E+04   6.0000000E+00
         1        29       136   2.4904076E+02   1.0570330E+05   6.0000000E+00
         1        29       137   2.4890999E+02   8.7458330E+03   6.0000000E+00
         1        29       138   2.4807327E+02   2.5381643E+04   6.0000000E+00
         1        29       139   2.4765642E+02   1.6455825E+05   6.0000000E+00
         1        29       140   2.4657230E+02   1.7179234E+05   6.0000000E+00
         1        29       142   2.4388651E+02   1.5335767E+05   6.0000000E+00
         1        29       143   2.4326328E+02   1.2451718E+05   6.0000000E+00
         1        29       144   2.4262689E+02   6.8365010E+06   6.0000000E+00
         1        29       145   2.4240758E+02   7.0869039E+04   6.0000000E+00
         1        29       155   2.4338937E+02   1.1798521E+04   6.0000000E+00
         1        29       163   2.3690749E+02   1.0071126E+04   6.0000000E+00
         1        29       166   2.4635432E+02   7.7313708E+02   6.0000000E+00
         1        29       167   2.4650478E+02   2.5286016E+03   6.0000000E+00
         1        30        43   3.2643753E+02   1.1883924E+05   6.0000000E+00
         1        30        44   3.2616034E+02   3.9196453E+04   6.0000000E+00
         1        30        55   3.2678641E+02   9.4272867E+04   6.0000000E+00
         1        30        60   3.3208179E+02   8.4560750E+04   6.0000000E+00
         1        30        61   3.3185052E+02   1.2717882E+05   6.0000000E+00
         1        30        62   3.3494669E+02   1.3423559E+04   6.0000000E+00
         1        30       130   2.5873993E+02   4.3195348E+04   6.0000000E+00
         1        30       131   2.5821823E+02   9.7983250E+04   6.0000000E+00
         1        30       132   2.5748431E+02   1.0063198E+05   6.0000000E+00
         1        30       133   2.5673712E+02   1.0157096E+05   6.0000000E+00
         1        30       134   2.5634012E+02   5.8712847E+03   6.0000000E+00
         1        30       136   2.5363690E+02   6.3134406E+04   6.0000000E+00
         1        30       137   2.5182983E+02   1.5142666E+05   6.0000000E+00
         1        30       140   2.4595564E+02   1.0919032E+05   6.0000000E+00
         1        30       141   2.4538039E+02   1.5293028E+05   6.0000000E+00
         1        30       142   2.4498027E+02   2.9377879E+04   6.0000000E+00
         1        30       143   2.4447545E+02   1.1500091E+05   6.0000000E+00
         1        30       144   2.4331854E+02   5.0635105E+04   6.0000000E+00
         1        30       155   2.4450597E+02   1.1433177E+04   6.0000000E+00
         1        30       156   2.4511415E+02   1.2202051E+03   6.0000000E+00
         1        30       162   2.4986000E+02   4.2204087E+03   6.0000000E+00
         1        30       163   2.4986000E+02   1.8285152E+02   6.0000000E+00
         1        31        44   3.2595575E+02   7.7473535E+03   6.0000000E+00
         1        31        45   3.2560281E+02   1.2376094E+05   6.0000000E+00
         1        31        55   3.2567838E+02   1.0268377E+05   6.0000000E+00
         1        31        59   3.2858780E+02   8.6153145E+01   6.0000000E+00
         1        31        60   3.2680154E+02   4.4550551E+04   6.0000000E+00
         1        31        61   3.2770853E+02   9.4055109E+04   6.0000000E+00
         1        31        67   3.3843051E+02   8.2704812E+04   6.0000000E+00
         1        31        68   3.4076221E+02   9.0414383E+04   6.0000000E+00
         1        31       113   2.7810547E+02   5.7439414E+03   6.0000000E+00
         1        31       114   2.7795859E+02   1.0321999E+04   6.0000000E+00
         1        31       129   2.6003445E+02   2.0748021E+04   6.0000000E+00
         1        31       130   2.5942868E+02   1.4319089E+05   6.0000000E+00
         1        31       134   2.5589211E+02   1.1536739E+05   6.0000000E+00
         1        31       135   2.5469035E+02   8.0094938E+04   6.0000000E+00
         1        31       136   2.5410226E+02   1.1686859E+03   6.0000000E+00
         1        31       137   2.4970860E+02   1.8788809E+05   6.0000000E+00
         1        31       141   2.4482182E+02   4.2821227E+04   6.0000000E+00
         1        31       142   2.4595572E+02   6.3033754E+04   6.0000000E+00
         1        31       143   2.4465370E+02   1.3763731E+05   6.0000000E+00
         1        31       144   2.4370387E+02   8.7535322E+03   6.0000000E+00
         1        31       156   2.4577174E+02   1.2461480E+04   6.0000000E+00
         1        31       157   2.4646097E+02   1.8782471E+03   6.0000000E+00
         1        31       162   2.4986000E+02   3.4318618E+03   6.0000000E+00
         1        31       163   2.4986000E+02   9.5178301E+03   6.0000000E+00
         1        32        45   3.2533023E+02   3.1658535E+03   6.0000000E+00
         1        32        46   3.2504208E+02   1.3264116E+05   6.0000000E+00
         1        32        47   3.2474799E+02   3.5056480E+04   6.0000000E+00
         1        32        48   3.2458124E+02   6.0009797E+04   6.0000000E+00
         1        32        49   3.2408084E+02   9.3652734E+04   6.0000000E+00
         1        32        50   3.2360550E+02   9.3067445E+04   6.0000000E+00
         1        32        51   3.2339062E+02   2.9466795E+04   6.0000000E+00
         1        32        55   3.2398492E+02   1.8837865E+04   6.0000000E+00
         1        32        58   3.3536829E+02   3.3844914E+04   6.0000000E+00
         1        32        59   3.3280679E+02   1.0338864E+05   6.0000000E+00
         1        32        60   3.2973322E+02   6.1279992E+04   6.0000000E+00
         1        32        61   3.2810965E+02   2.5531934E+04   6.0000000E+00
         1        32        65   3.3297983E+02   9.1617516E+04   6.0000000E+00
         1        32        66   3.3552380E+02   9.7260938E+04   6.0000000E+00
         1        32        67   3.3707516E+02   1.7921629E+04   6.0000000E+00
         1        32       114   2.7771994E+02   9.9763648E+04   6.0000000E+00
         1        32       129   2.6057648E+02   1.2593144E+05   6.0000000E+00
         1        32       140   2.5162889E+02   3.9011406E+04   6.0000000E+00
         1        32       141   2.4988200E+02   2.3022438E+05   6.0000000E+00
         1        32       142   2.4737646E+02   1.5593612E+05   6.0000000E+00
         1        32       156   2.4725925E+02   4.1144204E+03   6.0000000E+00
         1        32       157   2.4709550E+02   6.3180347E+03   6.0000000E+00
         1        32       162   2.4994739E+02   3.1146411E+03   6.0000000E+00
         1        32       163   2.4986000E+02   5.8009009E+03   6.0000000E+00
         1        32       164   2.4986000E+02   5.7338560E+03   6.0000000E+00
         1        33        47   3.2436053E+02   6.5838656E+04   6.0000000E+00
         1        33        48   3.2384265E+02   4.2150012E+04   6.0000000E+00
         1        33        51   3.2315881E+02   1.0270782E+05   6.0000000E+00
         1        33        52   3.2277368E+02   1.1688372E+05   6.0000000E+00
         1        33        53   3.2252292E+02   2.6094820E+04   6.0000000E+00
         1        33        55   3.2339307E+02   4.8704410E+04   6.0000000E+00
         1        33        56   3.2252341E+02   5.0537664E+04   6.0000000E+00
         1        33        61   3.2436340E+02   1.0707773E+05   6.0000000E+00
         1        33        63   3.2877151E+02   2.3124516E+04   6.0000000E+00
         1        33        64   3.2915417E+02   5.2881309E+03   6.0000000E+00
         1        33        65   3.3048563E+02   9.3565531E+04   6.0000000E+00
         1        33       113   2.7724567E+02   7.9857570E+04   6.0000000E+00
         1        33       114   2.7746121E+02   1.9576174E+04   6.0000000E+00
         1        33       129   2.6138821E+02   9.3739023E+04   6.0000000E+00
         1        33       136   2.5277000E+02   1.0063006E+07   6.0000000E+00
         1        33       139   2.5275999E+02   4.0271027E+04   6.0000000E+00
         1        33       140   2.5275999E+02   7.8265078E+04   6.0000000E+00
         1        33       141   2.5200333E+02   1.8697154E+04   6.0000000E+00
         1        33       155   2.4784920E+02   1.6272744E+03   6.0000000E+00
         1        33       156   2.4736945E+02   2.1809248E+03   6.0000000E+00
         1        33       157   2.4725066E+02   1.1339592E+04   6.0000000E+00
         1        33       160   2.5170067E+02   5.6783774E+03   6.0000000E+00
         1        33       161   2.5120970E+02   1.1819454E+04   6.0000000E+00
         1        33       162   2.5056676E+02   1.1095065E+04   6.0000000E+00
         1        33       163   2.4962943E+02   5.0485273E+03   6.0000000E+00
         1        34        53   3.2193402E+02   8.5772906E+04   6.0000000E+00
         1        34        54   3.2135403E+02   8.8106650E+05   6.0000000E+00
         1        34        55   3.2129999E+02   6.1970940E+06   6.0000000E+00
         1        34        56   3.2189529E+02   2.1143722E+06   6.0000000E+00
         1        34        57   3.2129013E+02   2.6176467E+03   6.0000000E+00
         1        34        58   3.2060339E+02   9.6567906E+04   6.0000000E+00
         1        34        59   3.2007123E+02   5.8392711E+04   6.0000000E+00
         1        34        60   3.2193854E+02   1.6484816E+05   6.0000000E+00
         1        34        61   3.2332388E+02   6.6567617E+04   6.0000000E+00
         1        34        62   3.2168195E+02   4.3951008E+04   6.0000000E+00
         1        34        63   3.2376727E+02   1.1087474E+05   6.0000000E+00
         1        34        64   3.2686032E+02   1.1877078E+05   6.0000000E+00
         1        34       113   2.7644089E+02   2.7544297E+04   6.0000000E+00
         1        34       114   2.7678656E+02   1.3191378E+05   6.0000000E+00
         1        34       115   2.7636252E+02   8.6046455E+03   6.0000000E+00
         1        34       128   2.6244724E+02   1.1500778E+05   6.0000000E+00
         1        34       129   2.6187842E+02   3.8924328E+04   6.0000000E+00
         1        34       136   2.5277000E+02   1.9815713E+04   6.0000000E+00
         1        34       137   2.5276874E+02   5.2146492E+04   6.0000000E+00
         1        34       138   2.5275999E+02   3.9882805E+04   6.0000000E+00
         1        34       139   2.5275999E+02   6.6729270E+06   6.0000000E+00
         1        34       155   2.4810342E+02   9.5917920E+03   6.0000000E+00
         1        34       156   2.4750401E+02   1.3137069E+04   6.0000000E+00
         1        34       163   2.4911649E+02   6.1828374E+03   6.0000000E+00
         1        34       164   2.4855974E+02   6.0071875E+03   6.0000000E+00
         1        35        55   3.2265625E+02   1.0304560E+05   6.0000000E+00
         1        35        58   3.2035361E+02   6.0059126E+03   6.0000000E+00
         1        35        59   3.2008463E+02   1.0443730E+05   6.0000000E+00
         1        35        60   3.1950583E+02   3.6053578E+04   6.0000000E+00
         1        35        61   3.2068625E+02   4.4343949E+04   6.0000000E+00
         1        35        62   3.2019000E+02   6.6820141E+04   6.0000000E+00
         1        35       115   2.7608170E+02   1.2093261E+05   6.0000000E+00
         1        35       117   2.7381717E+02   9.4194383E+04   6.0000000E+00
         1        35       118   2.7215784E+02   1.4036328E+05   6.0000000E+00
         1        35       119   2.7080762E+02   5.3322891E+03   6.0000000E+00
         1        35       123   2.6777240E+02   1.2953947E+03   6.0000000E+00
         1        35       124   2.6656650E+02   1.4449858E+04   6.0000000E+00
         1        35       125   2.6571173E+02   2.5342227E+04   6.0000000E+00
         1        35       128   2.6373715E+02   9.9917305E+04   6.0000000E+00
         1        35       136   2.5276476E+02   9.7664860E+06   6.0000000E+00
         1        35       137   2.5275999E+02   1.7354064E+04   6.0000000E+00
         1        35       138   2.5275999E+02   1.6977952E+05   6.0000000E+00
         1        35       155   2.4856442E+02   1.0752473E+04   6.0000000E+00
         1        35       156   2.4764952E+02   3.4234199E+03   6.0000000E+00
         1        35       157   2.4778616E+02   1.2129743E+04   6.0000000E+00
         1        35       158   2.4795432E+02   7.0071509E+03   6.0000000E+00
         1        35       160   2.4817262E+02   4.3014287E+03   6.0000000E+00
         1        35       164   2.4779439E+02   1.0750713E+04   6.0000000E+00
         1        36        55   3.2383057E+02   9.5104672E+04   6.0000000E+00
         1        36        62   3.1905911E+02   8.2561031E+04   6.0000000E+00
         1        36        63   3.1882953E+02   1.0345015E+05   6.0000000E+00
         1        36        64   3.1852859E+02   1.4036928E+05   6.0000000E+00
         1        36        65   3.1829578E+02   4.8289848E+04   6.0000000E+00
         1        36        66   3.1820517E+02   2.5131176E+04   6.0000000E+00
         1        36        67   3.1797198E+02   4.8274188E+04   6.0000000E+00
         1        36       115   2.7560867E+02   9.7271383E+04   6.0000000E+00
         1        36       116   2.7520389E+02   8.9441891E+04   6.0000000E+00
         1        36       117   2.7505380E+02   2.2186797E+04   6.0000000E+00
         1        36       118   2.7424823E+02   2.2458266E+04   6.0000000E+00
         1        36       119   2.7307281E+02   1.0724774E+05   6.0000000E+00
         1        36       120   2.7123325E+02   1.0984908E+05   6.0000000E+00
         1        36       121   2.7040897E+02   1.0254945E+05   6.0000000E+00
         1        36       122   2.6967566E+02   9.5898273E+04   6.0000000E+00
         1        36       123   2.6894125E+02   1.0284415E+05   6.0000000E+00
         1        36       124   2.6816922E+02   1.0608720E+05   6.0000000E+00
         1        36       125   2.6719376E+02   1.5529794E+05   6.0000000E+00
         1        36       126   2.6615924E+02   9.5765430E+04   6.0000000E+00
         1        36       127   2.6542136E+02   5.3239465E+04   6.0000000E+00
         1        36       128   2.6485571E+02   9.9831617E+04   6.0000000E+00
         1        36       136   2.5276166E+02   3.0216605E+06   6.0000000E+00
         1        36       137   2.5276047E+02   1.9228930E+04   6.0000000E+00
         1        36       138   2.5275999E+02   2.8874949E+04   6.0000000E+00
         1        36       155   2.4907976E+02   1.1989963E+04   6.0000000E+00
         1        36       158   2.4807535E+02   6.7702441E+03   6.0000000E+00
         1        36       159   2.4831937E+02   1.2399367E+04   6.0000000E+00
         1        36       160   2.4849623E+02   7.7311172E+03   6.0000000E+00
         1        36       161   2.4859209E+02   3.1783413E+03   6.0000000E+00
         1        36       164   2.4727072E+02   7.1526117E+02   6.0000000E+00
         1        36       165   2.4674194E+02   1.0862620E+04   6.0000000E+00
         1        37        53   3.2676782E+02   8.3288477E+04   6.0000000E+00
         1        37        54   3.2568185E+02   9.9954391E+04   6.0000000E+00
         1        37        55   3.2474182E+02   5.8659996E+04   6.0000000E+00
         1        37        65   3.1810284E+02   5.7761668E+04   6.0000000E+00
         1        37        66   3.1779071E+02   9.8615727E+04   6.0000000E+00
         1        37        67   3.1756149E+02   8.7102234E+04   6.0000000E+00
         1        37        68   3.1733221E+02   9.8669609E+04   6.0000000E+00
         1        37        69   3.1695999E+02   1.5975529E+03   6.0000000E+00
         1        37        70   3.1695999E+02   9.2814131E+03   6.0000000E+00
         1        37       116   2.7508691E+02   1.3582697E+04   6.0000000E+00
         1        37       117   2.7521625E+02   1.2617004E+05   6.0000000E+00
         1        37       127   2.6429660E+02   5.1478816E+04   6.0000000E+00
         1        37       128   2.6312006E+02   6.7075258E+04   6.0000000E+00
         1        37       137   2.5286478E+02   9.7824242E+04   6.0000000E+00
         1        37       138   2.5298026E+02   2.8982035E+04   6.0000000E+00
         1        37       154   2.4969827E+02   1.1991552E+04   6.0000000E+00
         1        37       155   2.4938901E+02   1.6568391E+03   6.0000000E+00
         1        37       165   2.4573349E+02   1.1218039E+04   6.0000000E+00
         1        38        52   3.2848898E+02   7.1383975E+03   6.0000000E+00
         1        38        53   3.2785403E+02   9.9997477E+04   6.0000000E+00
         1        38        70   3.1721805E+02   2.1597440E+06   6.0000000E+00
         1        38        71   3.1691110E+02   2.9566092E+04   6.0000000E+00
         1        38       117   2.7546167E+02   1.3897559E+05   6.0000000E+00
         1        38       137   2.5304756E+02   4.4903383E+04   6.0000000E+00
         1        38       138   2.5318546E+02   1.0650720E+05   6.0000000E+00
         1        38       163   2.4390701E+02   4.5328130E+03   6.0000000E+00
         1        38       164   2.4457391E+02   1.0069300E+04   6.0000000E+00
         1        38       165   2.4512747E+02   2.0511345E+03   6.0000000E+00
         1        39        51   3.3014120E+02   3.8939992E+04   6.0000000E+00
         1        39        52   3.2922086E+02   1.1635523E+05   6.0000000E+00
         1        39        70   3.1854758E+02   9.9033266E+04   6.0000000E+00
         1        39        71   3.1686328E+02   8.9379280E+06   6.0000000E+00
         1        39        72   3.1680951E+02   4.4419723E+04   6.0000000E+00
         1        39       106   2.8346033E+02   3.2499537E+04   6.0000000E+00
         1        39       107   2.8238220E+02   1.5162920E+05   6.0000000E+00
         1        39       108   2.8131226E+02   3.1098465E+04   6.0000000E+00
         1        39       113   2.7612363E+02   3.1860381E+04   6.0000000E+00
         1        39       114   2.7590900E+02   2.1200127E+04   6.0000000E+00
         1        39       115   2.7587384E+02   1.6790256E+04   6.0000000E+00
         1        39       116   2.7575848E+02   1.0785142E+05   6.0000000E+00
         1        39       117   2.7562448E+02   3.6924840E+04   6.0000000E+00
         1        39       138   2.5336250E+02   8.7880984E+04   6.0000000E+00
         1        39       139   2.5356181E+02   1.3095653E+05   6.0000000E+00
         1        39       140   2.5380511E+02   1.3619305E+05   6.0000000E+00
         1        40        51   3.3102289E+02   1.0983316E+05   6.0000000E+00
         1        40        69   3.2111353E+02   8.0380062E+04   6.0000000E+00
         1        40        70   3.1993335E+02   2.6699781E+04   6.0000000E+00
         1        40        72   3.1674655E+02   1.1230933E+07   6.0000000E+00
         1        40        76   3.2956918E+02   5.3045262E+04   6.0000000E+00
         1        40        77   3.3099084E+02   2.8701336E+04   6.0000000E+00
         1        40       105   2.8485632E+02   2.5602471E+04   6.0000000E+00
         1        40       106   2.8435120E+02   7.8754141E+04   6.0000000E+00
         1        40       108   2.8051907E+02   1.0436657E+05   6.0000000E+00
         1        40       109   2.7942050E+02   8.3252484E+04   6.0000000E+00
         1        40       113   2.7647672E+02   1.6199211E+05   6.0000000E+00
         1        40       114   2.7623993E+02   9.3811141E+04   6.0000000E+00
         1        40       115   2.7601138E+02   8.9401383E+04   6.0000000E+00
         1        40       140   2.5394708E+02   1.9677975E+04   6.0000000E+00
         1        40       141   2.5417442E+02   1.9289170E+05   6.0000000E+00
         1        40       142   2.5398187E+02   1.8530074E+04   6.0000000E+00
         1        41        50   3.3271414E+02   3.7005254E+04   6.0000000E+00
         1        41        51   3.3208432E+02   6.9268984E+04   6.0000000E+00
         1        41        69   3.2312778E+02   1.0237673E+05   6.0000000E+00
         1        41        72   3.1670010E+02   3.2367969E+03   6.0000000E+00
         1        41        73   3.1668939E+02   2.3402637E+04   6.0000000E+00
         1        41        76   3.2661673E+02   7.6435219E+04   6.0000000E+00
         1        41        77   3.2829633E+02   2.0144080E+04   6.0000000E+00
         1        41       104   2.8645740E+02   2.3241672E+04   6.0000000E+00
         1        41       105   2.8566257E+02   1.4096395E+05   6.0000000E+00
         1        41       109   2.7870828E+02   3.8384094E+04   6.0000000E+00
         1        41       110   2.7795245E+02   9.0700344E+04   6.0000000E+00
         1        41       112   2.7680698E+02   5.1324048E+03   6.0000000E+00
         1        41       113   2.7671442E+02   9.4851500E+04   6.0000000E+00
         1        41       141   2.5448605E+02   1.1163742E+05   6.0000000E+00
         1        42        50   3.3364850E+02   1.2065708E+05   6.0000000E+00
         1        42        68   3.2589478E+02   1.1370075E+05   6.0000000E+00
         1        42        69   3.2444888E+02   1.7487352E+04   6.0000000E+00
         1        42        73   3.1583578E+02   1.1142106E+05   6.0000000E+00
         1        42        76   3.2354831E+02   1.0000083E+05   6.0000000E+00
         1        42       101   2.8962054E+02   3.5644077E+03   6.0000000E+00
         1        42       102   2.8896747E+02   9.9278477E+03   6.0000000E+00
         1        42       103   2.8788354E+02   1.2465249E+04   6.0000000E+00
         1        42       104   2.8692505E+02   7.3370156E+04   6.0000000E+00
         1        42       109   2.7730679E+02   3.5178996E+04   6.0000000E+00
         1        42       110   2.7733569E+02   1.4633887E+04   6.0000000E+00
         1        42       111   2.7708765E+02   9.6716305E+04   6.0000000E+00
         1        42       112   2.7690494E+02   1.0069691E+05   6.0000000E+00
         1        42       141   2.5468854E+02   1.1067353E+05   6.0000000E+00
         1        43        50   3.3491873E+02   9.3674312E+04   6.0000000E+00
         1        43        67   3.2903976E+02   5.0588016E+04   6.0000000E+00
         1        43        68   3.2781506E+02   6.0531148E+04   6.0000000E+00
         1        43        73   3.1545715E+02   1.1142411E+04   6.0000000E+00
         1        43        74   3.1508380E+02   1.0970630E+05   6.0000000E+00
         1        43        75   3.1820468E+02   1.6809035E+04   6.0000000E+00
         1        43        76   3.2015311E+02   9.5225398E+04   6.0000000E+00
         1        43        85   3.0020850E+02   6.6399453E+03   6.0000000E+00
         1        43        86   2.9830164E+02   7.8521891E+04   6.0000000E+00
         1        43        89   3.0080765E+02   2.5497429E+03   6.0000000E+00
         1        43        90   3.0031509E+02   9.9213023E+04   6.0000000E+00
         1        43        91   2.9936792E+02   9.6465166E+03   6.0000000E+00
         1        43        92   2.9844296E+02   9.4626240E+03   6.0000000E+00
         1        43        93   2.9753357E+02   9.3251182E+03   6.0000000E+00
         1        43        94   2.9662350E+02   9.4765137E+03   6.0000000E+00
         1        43        95   2.9568301E+02   9.9530234E+03   6.0000000E+00
         1        43        96   2.9469406E+02   1.0478195E+04   6.0000000E+00
         1        43        97   2.9372192E+02   9.6059531E+03   6.0000000E+00
         1        43        98   2.9272910E+02   1.0904886E+04   6.0000000E+00
         1        43        99   2.9173959E+02   9.5380000E+03   6.0000000E+00
         1        43       100   2.9082455E+02   9.3663740E+03   6.0000000E+00
         1        43       101   2.9008212E+02   5.9716504E+03   6.0000000E+00
         1        43       109   2.7769153E+02   5.6879234E+04   6.0000000E+00
         1        43       110   2.7790036E+02   7.2452156E+04   6.0000000E+00
         1        43       141   2.5494193E+02   1.6755780E+05   6.0000000E+00
         1        44        50   3.3593195E+02   7.7291078E+04   6.0000000E+00
         1        44        67   3.3064365E+02   9.4935539E+04   6.0000000E+00
         1        44        74   3.1445090E+02   9.5164352E+04   6.0000000E+00
         1        44        75   3.1597119E+02   1.1161922E+05   6.0000000E+00
         1        44        80   3.0939554E+02   5.4076391E+04   6.0000000E+00
         1        44        81   3.0855701E+02   9.8159836E+04   6.0000000E+00
         1        44        84   3.0320563E+02   5.5266574E+04   6.0000000E+00
         1        44        85   3.0180688E+02   1.0677113E+05   6.0000000E+00
         1        44        86   3.0034509E+02   3.8393879E+04   6.0000000E+00
         1        44        87   2.9949103E+02   1.1791499E+05   6.0000000E+00
         1        44       110   2.7818259E+02   1.0233068E+05   6.0000000E+00
         1        44       140   2.5531834E+02   4.3039707E+04   6.0000000E+00
         1        44       141   2.5518684E+02   1.0134419E+05   6.0000000E+00
         1        45        75   3.1400241E+02   8.6548711E+04   6.0000000E+00
         1        45        76   3.1397534E+02   3.9188262E+04   6.0000000E+00
         1        45        78   3.1247641E+02   1.1097762E+05   6.0000000E+00
         1        45        79   3.1174744E+02   1.2937747E+05   6.0000000E+00
         1        45        80   3.1074893E+02   1.9984561E+05   6.0000000E+00
         1        45        81   3.0985120E+02   9.6157828E+04   6.0000000E+00
         1        45        82   3.0904312E+02   6.2120602E+04   6.0000000E+00
         1        45        84   3.0480148E+02   9.6288969E+04   6.0000000E+00
         1        45        87   3.0127875E+02   6.7361727E+04   6.0000000E+00
         1        45        88   3.0001852E+02   5.6003320E+04   6.0000000E+00
         1        45       110   2.7837869E+02   1.9131830E+04   6.0000000E+00
         1        45       111   2.7857343E+02   1.0146618E+05   6.0000000E+00
         1        45       140   2.5552258E+02   1.8122669E+05   6.0000000E+00
         1        46        70   3.2661154E+02   2.3580350E+04   6.0000000E+00
         1        46        71   3.2324921E+02   4.0143840E+04   6.0000000E+00
         1        46        75   3.1593146E+02   1.1088262E+05   6.0000000E+00
         1        46        76   3.1423697E+02   2.1666090E+04   6.0000000E+00
         1        46        77   3.1317230E+02   1.1535600E+05   6.0000000E+00
         1        46        78   3.1281772E+02   1.5583810E+03   6.0000000E+00
         1        46        81   3.0823090E+02   9.3612842E+03   6.0000000E+00
         1        46        82   3.0764932E+02   1.8239823E+05   6.0000000E+00
         1        46        83   3.0672055E+02   1.2384058E+05   6.0000000E+00
         1        46        84   3.0591797E+02   6.1676641E+04   6.0000000E+00
         1        46        85   3.0513467E+02   1.3575077E+04   6.0000000E+00
         1        46        86   3.0405475E+02   1.4991916E+05   6.0000000E+00
         1        46        87   3.0290442E+02   4.4052070E+04   6.0000000E+00
         1        46       111   2.7889310E+02   9.6524203E+04   6.0000000E+00
         1        46       138   2.5612775E+02   2.1698699E+04   6.0000000E+00
         1        46       139   2.5603687E+02   9.1022236E+03   6.0000000E+00
         1        46       140   2.5573911E+02   5.6514492E+04   6.0000000E+00
         1        47        70   3.2878622E+02   3.1585938E+03   6.0000000E+00
         1        47        71   3.2764771E+02   5.7472137E+04   6.0000000E+00
         1        47        72   3.2503625E+02   9.9644320E+04   6.0000000E+00
         1        47        73   3.2153162E+02   9.4213523E+04   6.0000000E+00
         1        47        74   3.1897684E+02   1.0562861E+05   6.0000000E+00
         1        47        75   3.1748773E+02   1.0854808E+04   6.0000000E+00
         1        47        76   3.1422116E+02   1.0318895E+05   6.0000000E+00
         1        47        82   3.0622498E+02   3.9552227E+04   6.0000000E+00
         1        47        83   3.0545337E+02   9.1507109E+04   6.0000000E+00
         1        47        85   3.0348666E+02   3.7388785E+04   6.0000000E+00
         1        47        86   3.0245074E+02   1.0552886E+05   6.0000000E+00
         1        47       109   2.8000827E+02   1.3959039E+05   6.0000000E+00
         1        47       110   2.7958771E+02   1.2086763E+05   6.0000000E+00
         1        47       111   2.7922076E+02   1.0639515E+05   6.0000000E+00
         1        47       138   2.5661325E+02   1.4282856E+05   6.0000000E+00
         1        48        75   3.1529504E+02   7.1299058E+03   6.0000000E+00
         1        48        76   3.1492395E+02   1.0034477E+05   6.0000000E+00
         1        48        86   3.0076797E+02   1.0104436E+05   6.0000000E+00
         1        48       108   2.8047269E+02   1.1505326E+05   6.0000000E+00
         1        48       109   2.8026028E+02   1.6494271E+04   6.0000000E+00
         1        48       133   2.6335010E+02   4.4448469E+04   6.0000000E+00
         1        48       134   2.6085861E+02   7.9029977E+04   6.0000000E+00
         1        48       138   2.5731741E+02   9.5793352E+04   6.0000000E+00
         1        49        71   3.1821201E+02   3.3690109E+02   6.0000000E+00
         1        49        72   3.1776562E+02   1.2591339E+05   6.0000000E+00
         1        49        73   3.1700610E+02   9.4052383E+04   6.0000000E+00
         1        49        74   3.1634305E+02   9.7974875E+04   6.0000000E+00
         1        49        75   3.1566220E+02   9.9206594E+04   6.0000000E+00
         1        49        86   2.9883661E+02   9.7861328E+04   6.0000000E+00
         1        49       100   2.8522403E+02   3.0592354E+04   6.0000000E+00
         1        49       101   2.8500455E+02   1.0533854E+05   6.0000000E+00
         1        49       102   2.8463705E+02   1.2227738E+05   6.0000000E+00
         1        49       103   2.8431805E+02   7.5272078E+04   6.0000000E+00
         1        49       104   2.8407285E+02   4.9732930E+04   6.0000000E+00
         1        49       108   2.8092154E+02   1.6294270E+05   6.0000000E+00
         1        49       133   2.6464441E+02   1.0190529E+05   6.0000000E+00
         1        49       134   2.6380667E+02   2.4374191E+04   6.0000000E+00
         1        49       135   2.6221906E+02   1.2604509E+05   6.0000000E+00
         1        49       136   2.5963864E+02   1.0486814E+05   6.0000000E+00
         1        49       137   2.5802499E+02   1.1213869E+04   6.0000000E+00
         1        49       138   2.5770541E+02   3.5685098E+04   6.0000000E+00
         1        50        71   3.1864914E+02   7.8330332E+03   6.0000000E+00
         1        50        72   3.1830115E+02   2.2448371E+04   6.0000000E+00
         1        50        86   2.9779782E+02   8.7596719E+03   6.0000000E+00
         1        50        87   2.9733813E+02   6.3972840E+04   6.0000000E+00
         1        50       100   2.8545474E+02   1.1228473E+05   6.0000000E+00
         1        50       102   2.8417484E+02   1.3434053E+04   6.0000000E+00
         1        50       103   2.8394156E+02   3.1572201E+04   6.0000000E+00
         1        50       104   2.8379071E+02   6.1848512E+04   6.0000000E+00
         1        50       105   2.8353290E+02   9.7814852E+04   6.0000000E+00
         1        50       106   2.8319904E+02   1.0896409E+05   6.0000000E+00
         1        50       108   2.8141339E+02   1.0742799E+05   6.0000000E+00
         1        50       109   2.8121228E+02   1.7116861E+04   6.0000000E+00
         1        50       132   2.6637216E+02   5.3407310E+03   6.0000000E+00
         1        50       133   2.6566913E+02   5.2564297E+04   6.0000000E+00
         1        50       137   2.5845602E+02   1.1199014E+05   6.0000000E+00
         1        51        71   3.1948926E+02   4.1423531E+04   6.0000000E+00
         1        51        72   3.1913293E+02   6.1778895E+04   6.0000000E+00
         1        51        87   2.9682690E+02   1.0458811E+05   6.0000000E+00
         1        51       100   2.8607217E+02   1.1407521E+05   6.0000000E+00
         1        51       106   2.8281516E+02   1.2878658E+05   6.0000000E+00
         1        51       107   2.8249969E+02   6.6581250E+04   6.0000000E+00
         1        51       108   2.8212936E+02   1.6277405E+05   6.0000000E+00
         1        51       109   2.8161514E+02   1.7526131E+04   6.0000000E+00
         1        51       124   2.7156000E+02   7.7322595E+06   6.0000000E+00
         1        51       132   2.6732321E+02   8.9958184E+03   6.0000000E+00
         1        51       135   2.5903375E+02   6.5356201E+03   6.0000000E+00
         1        51       136   2.5939142E+02   1.1875491E+05   6.0000000E+00
         1        51       137   2.5889542E+02   4.1921090E+04   6.0000000E+00
         1        52        70   3.2071109E+02   8.8784555E+04   6.0000000E+00
         1        52        71   3.2001840E+02   1.1182357E+05   6.0000000E+00
         1        52        87   2.9614380E+02   1.2064021E+05   6.0000000E+00
         1        52        92   2.8978104E+02   4.5630117E+04   6.0000000E+00
         1        52        93   2.8934409E+02   4.3729746E+04   6.0000000E+00
         1        52        96   2.8823904E+02   6.4938105E+04   6.0000000E+00
         1        52        97   2.8785574E+02   9.9646781E+04   6.0000000E+00
         1        52        98   2.8739114E+02   1.8808844E+05   6.0000000E+00
         1        52        99   2.8688324E+02   1.2647878E+05   6.0000000E+00
         1        52       100   2.8646768E+02   1.3087766E+05   6.0000000E+00
         1        52       107   2.8175500E+02   6.9085219E+04   6.0000000E+00
         1        52       123   2.7156000E+02   8.8371380E+06   6.0000000E+00
         1        52       124   2.7156000E+02   5.9717761E+02   6.0000000E+00
         1        52       135   2.5974536E+02   5.2230493E+03   6.0000000E+00
         1        52       136   2.6004776E+02   1.0070902E+05   6.0000000E+00
         1        53        69   3.2172348E+02   1.3518834E+05   6.0000000E+00
         1        53        70   3.2113718E+02   3.4613797E+04   6.0000000E+00
         1        53        86   2.9523154E+02   8.7927055E+04   6.0000000E+00
         1        53        87   2.9563806E+02   4.6111785E+04   6.0000000E+00
         1        53        91   2.9104807E+02   5.1710039E+04   6.0000000E+00
         1        53        92   2.9060474E+02   1.3455733E+05   6.0000000E+00
         1        53        93   2.9008707E+02   8.2948406E+04   6.0000000E+00
         1        53        94   2.8986023E+02   5.9213824E+04   6.0000000E+00
         1        53        95   2.8894373E+02   5.2721160E+04   6.0000000E+00
         1        53        96   2.8868625E+02   1.0673432E+05   6.0000000E+00
         1        53       100   2.8576202E+02   7.8015336E+04   6.0000000E+00
         1        53       121   2.7278000E+02   3.0047170E+04   6.0000000E+00
         1        53       122   2.7278000E+02   3.5116992E+04   6.0000000E+00
         1        53       123   2.7155685E+02   3.6750583E+02   6.0000000E+00
         1        53       136   2.6063950E+02   1.0656398E+05   6.0000000E+00
         1        54        65   3.2449844E+02   5.0814965E+04   6.0000000E+00
         1        54        66   3.2399167E+02   9.5947898E+04   6.0000000E+00
         1        54        67   3.2333521E+02   9.4177758E+04   6.0000000E+00
         1        54        68   3.2262329E+02   1.1199870E+05   6.0000000E+00
         1        54        69   3.2221341E+02   6.7031265E+03   6.0000000E+00
         1        54        86   2.9399695E+02   6.4938172E+04   6.0000000E+00
         1        54        87   2.9394910E+02   2.0151098E+04   6.0000000E+00
         1        54        88   2.9344464E+02   1.0618675E+05   6.0000000E+00
         1        54        89   2.9290903E+02   1.1885999E+05   6.0000000E+00
         1        54        90   2.9237006E+02   1.0759612E+05   6.0000000E+00
         1        54        91   2.9185529E+02   1.0869649E+05   6.0000000E+00
         1        54        92   2.9138385E+02   8.9384758E+04   6.0000000E+00
         1        54        94   2.9154517E+02   1.0164610E+05   6.0000000E+00
         1        54        95   2.8842889E+02   5.2652637E+04   6.0000000E+00
         1        54        96   2.8807541E+02   3.6397355E+04   6.0000000E+00
         1        54       121   2.7278000E+02   2.1590379E+04   6.0000000E+00
         1        54       123   2.7147247E+02   9.4656090E+06   6.0000000E+00
         1        54       135   2.6129688E+02   7.1759922E+04   6.0000000E+00
         1        54       136   2.6101788E+02   2.5976828E+04   6.0000000E+00
         1        55        65   3.2504782E+02   1.0829161E+05   6.0000000E+00
         1        55        86   2.9617291E+02   6.4919712E+03   6.0000000E+00
         1        55        87   2.9489539E+02   1.0774715E+05   6.0000000E+00
         1        55        94   2.9360947E+02   9.5431508E+04   6.0000000E+00
         1        55       121   2.7213000E+02   4.6569914E+04   6.0000000E+00
         1        55       123   2.7132065E+02   8.2329750E+06   6.0000000E+00
         1        55       124   2.7168857E+02   1.0695568E+07   6.0000000E+00
         1        55       125   2.7210077E+02   2.5445583E+03   6.0000000E+00
         1        55       126   2.7217999E+02   2.1183798E+06   6.0000000E+00
         1        55       133   2.6302347E+02   4.8881382E+03   6.0000000E+00
         1        55       134   2.6258670E+02   1.0411790E+05   6.0000000E+00
         1        55       135   2.6189560E+02   1.3796484E+05   6.0000000E+00
         1        56        65   3.2597675E+02   9.1530648E+04   6.0000000E+00
         1        56        66   3.2554120E+02   3.4604004E+04   6.0000000E+00
         1        56        85   2.9811713E+02   2.8124419E+03   6.0000000E+00
         1        56        86   2.9728113E+02   8.4866516E+04   6.0000000E+00
         1        56        93   2.9649249E+02   8.9782453E+04   6.0000000E+00
         1        56        94   2.9508057E+02   4.5012379E+04   6.0000000E+00
         1        56       121   2.7178232E+02   2.0076492E+04   6.0000000E+00
         1        56       122   2.7147000E+02   1.4835916E+06   6.0000000E+00
         1        56       123   2.7125000E+02   7.6910390E+06   6.0000000E+00
         1        56       126   2.7217999E+02   7.8658180E+06   6.0000000E+00
         1        56       127   2.7217999E+02   5.9246411E+03   6.0000000E+00
         1        56       132   2.6365482E+02   2.8519738E+04   6.0000000E+00
         1        56       133   2.6329501E+02   5.0648985E+06   6.0000000E+00
         1        57        65   3.2684189E+02   4.2890520E+04   6.0000000E+00
         1        57        66   3.2649329E+02   5.8068516E+04   6.0000000E+00
         1        57        83   3.0197754E+02   2.5352432E+04   6.0000000E+00
         1        57        84   3.0008536E+02   1.8655080E+04   6.0000000E+00
         1        57        85   2.9966998E+02   3.7484715E+04   6.0000000E+00
         1        57        86   2.9885892E+02   7.2136484E+04   6.0000000E+00
         1        57        92   2.9957339E+02   1.3697445E+05   6.0000000E+00
         1        57        93   2.9778577E+02   3.3686707E+04   6.0000000E+00
         1        57       120   2.7167999E+02   4.3070205E+06   6.0000000E+00
         1        57       121   2.7167999E+02   8.2844406E+04   6.0000000E+00
         1        57       123   2.7125000E+02   9.8523280E+06   6.0000000E+00
         1        57       129   2.6691272E+02   1.2236535E+05   6.0000000E+00
         1        57       130   2.6590231E+02   1.2012139E+05   6.0000000E+00
         1        57       131   2.6491168E+02   1.1761457E+05   6.0000000E+00
         1        57       132   2.6427756E+02   3.4570574E+04   6.0000000E+00
         1        57       133   2.6377649E+02   5.1911754E+04   6.0000000E+00
         1        57       134   2.6409497E+02   7.8121000E+04   6.0000000E+00
         1        58        55   3.4668158E+02   5.5724868E+03   6.0000000E+00
         1        58        56   3.4475531E+02   9.5793066E+03   6.0000000E+00
         1        58        57   3.4241931E+02   8.7957422E+03   6.0000000E+00
         1        58        62   3.2904919E+02   1.0185473E+05   6.0000000E+00
         1        58        63   3.2846356E+02   6.7756430E+04   6.0000000E+00
         1        58        64   3.2790396E+02   9.4306562E+04   6.0000000E+00
         1        58        65   3.2728415E+02   8.5196805E+04   6.0000000E+00
         1        58        83   3.0416183E+02   9.8692516E+04   6.0000000E+00
         1        58        84   3.0279837E+02   8.5589398E+04   6.0000000E+00
         1        58        85   3.0100668E+02   1.0586807E+05   6.0000000E+00
         1        58        91   3.0157150E+02   5.3786090E+04   6.0000000E+00
         1        58        92   3.0320697E+02   1.0235021E+05   6.0000000E+00
         1        58       120   2.7167999E+02   2.9408432E+04   6.0000000E+00
         1        58       121   2.7167999E+02   6.7120045E+06   6.0000000E+00
         1        58       123   2.7154684E+02   4.8810930E+04   6.0000000E+00
         1        58       124   2.7129684E+02   1.1251545E+06   6.0000000E+00
         1        58       128   2.6811539E+02   8.8281008E+04   6.0000000E+00
         1        58       129   2.6758508E+02   3.8991020E+04   6.0000000E+00
         1        58       134   2.6452686E+02   9.8219570E+04   6.0000000E+00
         1        59        57   3.4091617E+02   3.0279282E+03   6.0000000E+00
         1        59        58   3.3818280E+02   1.8472500E+04   6.0000000E+00
         1        59        59   3.3466690E+02   9.1834082E+03   6.0000000E+00
         1        59        61   3.3010202E+02   1.0078088E+05   6.0000000E+00
         1        59        62   3.2971878E+02   1.0210094E+04   6.0000000E+00
         1        59        63   3.2954221E+02   4.0925301E+04   6.0000000E+00
         1        59        83   3.0630634E+02   5.2134027E+04   6.0000000E+00
         1        59        84   3.0540631E+02   6.9510508E+04   6.0000000E+00
         1        59        92   3.0586105E+02   1.5103319E+05   6.0000000E+00
         1        59        93   3.0852991E+02   1.0376096E+05   6.0000000E+00
         1        59       119   2.7333170E+02   1.1576914E+05   6.0000000E+00
         1        59       120   2.7193170E+02   6.9737914E+04   6.0000000E+00
         1        59       121   2.7167999E+02   4.3200707E+04   6.0000000E+00
         1        59       122   2.7167999E+02   6.5275380E+06   6.0000000E+00
         1        59       123   2.7205609E+02   9.4979445E+04   6.0000000E+00
         1        59       124   2.7125000E+02   1.0125946E+07   6.0000000E+00
         1        59       125   2.7125000E+02   1.2680428E+04   6.0000000E+00
         1        59       126   2.7035440E+02   1.1399392E+05   6.0000000E+00
         1        59       127   2.6939539E+02   1.1615870E+05   6.0000000E+00
         1        59       128   2.6869730E+02   5.1370574E+04   6.0000000E+00
         1        59       134   2.6503134E+02   1.0774855E+05   6.0000000E+00
         1        59       135   2.6534897E+02   2.1942102E+04   6.0000000E+00
         1        60        58   3.3343375E+02   5.1664661E+02   6.0000000E+00
         1        60        59   3.3298044E+02   3.0490420E+03   6.0000000E+00
         1        60        60   3.3198642E+02   4.7699598E+04   6.0000000E+00
         1        60        61   3.3067221E+02   6.4356906E+04   6.0000000E+00
         1        60        75   3.3611880E+02   2.5079121E+04   6.0000000E+00
         1        60        76   3.3454623E+02   5.3608309E+04   6.0000000E+00
         1        60        83   3.0860229E+02   1.7091758E+05   6.0000000E+00
         1        60        84   3.0701489E+02   4.3632754E+04   6.0000000E+00
         1        60        93   3.1082339E+02   1.1519474E+05   6.0000000E+00
         1        60       110   2.9062476E+02   9.5716781E+04   6.0000000E+00
         1        60       111   2.8905621E+02   9.6954648E+04   6.0000000E+00
         1        60       112   2.8738342E+02   1.0851778E+05   6.0000000E+00
         1        60       113   2.8605917E+02   5.4148133E+04   6.0000000E+00
         1        60       117   2.7791812E+02   4.0339336E+04   6.0000000E+00
         1        60       118   2.7695773E+02   9.6395320E+04   6.0000000E+00
         1        60       119   2.7601187E+02   3.8270160E+04   6.0000000E+00
         1        60       123   2.7265045E+02   6.5790180E+04   6.0000000E+00
         1        60       124   2.7239014E+02   3.7249125E+04   6.0000000E+00
         1        60       125   2.7125000E+02   5.5042700E+06   6.0000000E+00
         1        60       135   2.6598166E+02   7.9529516E+04   6.0000000E+00
         1        60       136   2.6559479E+02   7.8426055E+04   6.0000000E+00
         1        61        58   3.3279276E+02   2.0095818E+03   6.0000000E+00
         1        61        59   3.3213983E+02   3.9827805E+04   6.0000000E+00
         1        61        76   3.3127603E+02   1.1002380E+05   6.0000000E+00
         1        61        83   3.1210959E+02   8.0976758E+04   6.0000000E+00
         1        61        84   3.1068866E+02   1.1107259E+05   6.0000000E+00
         1        61       109   2.9242563E+02   9.0669156E+04   6.0000000E+00
         1        61       110   2.9154575E+02   1.7411281E+04   6.0000000E+00
         1        61       113   2.8487048E+02   9.1861305E+04   6.0000000E+00
         1        61       114   2.8329642E+02   1.0148571E+05   6.0000000E+00
         1        61       115   2.8165421E+02   1.0023468E+05   6.0000000E+00
         1        61       116   2.7967001E+02   3.3655355E+04   6.0000000E+00
         1        61       117   2.7865182E+02   6.4120996E+04   6.0000000E+00
         1        61       118   2.7604663E+02   8.5155641E+04   6.0000000E+00
         1        61       119   2.7572153E+02   3.0668389E+03   6.0000000E+00
         1        61       123   2.7321027E+02   4.8563219E+04   6.0000000E+00
         1        61       124   2.7295212E+02   5.3623355E+04   6.0000000E+00
         1        61       135   2.6651093E+02   1.3657580E+05   6.0000000E+00
         1        62        57   3.3281332E+02   8.3928020E+06   6.0000000E+00
         1        62        58   3.3279865E+02   2.2506101E+03   6.0000000E+00
         1        62        76   3.2818094E+02   4.4847219E+04   6.0000000E+00
         1        62        77   3.2623956E+02   5.2294660E+04   6.0000000E+00
         1        62        79   3.1370105E+02   2.8539635E+04   6.0000000E+00
         1        62        82   3.1278830E+02   2.7261537E+04   6.0000000E+00
         1        62        83   3.1275037E+02   1.0950490E+07   6.0000000E+00
         1        62       108   2.9487158E+02   4.2093535E+04   6.0000000E+00
         1        62       109   2.9384634E+02   8.3841273E+04   6.0000000E+00
         1        62       117   2.7677036E+02   1.5477446E+04   6.0000000E+00
         1        62       118   2.7657022E+02   3.6236340E+04   6.0000000E+00
         1        62       123   2.7363922E+02   1.1972515E+05   6.0000000E+00
         1        62       124   2.7333484E+02   7.5222864E+02   6.0000000E+00
         1        62       135   2.6712558E+02   1.1437585E+05   6.0000000E+00
         1        63        57   3.3282745E+02   1.8581998E+03   6.0000000E+00
         1        63        76   3.2426028E+02   4.6743445E+04   6.0000000E+00
         1        63        77   3.2221555E+02   5.5570500E+04   6.0000000E+00
         1        63        79   3.1371582E+02   1.3230841E+05   6.0000000E+00
         1        63        80   3.1380408E+02   1.5391149E+04   6.0000000E+00
         1        63        81   3.1343140E+02   2.7384703E+04   6.0000000E+00
         1        63        82   3.1282791E+02   1.1568149E+07   6.0000000E+00
         1        63       108   2.9613986E+02   1.1369541E+05   6.0000000E+00
         1        63       115   2.7764999E+02   1.7678498E+04   6.0000000E+00
         1        63       116   2.7764999E+02   6.1251715E+04   6.0000000E+00
         1        63       117   2.7707513E+02   6.3276262E+04   6.0000000E+00
         1        63       123   2.7440482E+02   6.6199289E+04   6.0000000E+00
         1        63       124   2.7408963E+02   5.8566465E+04   6.0000000E+00
         1        63       135   2.6764926E+02   9.9439445E+04   6.0000000E+00
         1        64        76   3.1935370E+02   8.7629430E+04   6.0000000E+00
         1        64        77   3.1566620E+02   9.6883195E+04   6.0000000E+00
         1        64        78   3.1372516E+02   1.1740875E+05   6.0000000E+00
         1        64        79   3.1561606E+02   3.5569359E+04   6.0000000E+00
         1        64        80   3.1464185E+02   1.0849494E+05   6.0000000E+00
         1        64        81   3.1312766E+02   7.1683906E+04   6.0000000E+00
         1        64        82   3.1289282E+02   1.1648301E+04   6.0000000E+00
         1        64       107   2.9864896E+02   1.0197857E+05   6.0000000E+00
         1        64       108   2.9744211E+02   4.6264465E+04   6.0000000E+00
         1        64       115   2.7764999E+02   7.0913234E+04   6.0000000E+00
         1        64       123   2.7484097E+02   1.0643926E+05   6.0000000E+00
         1        64       135   2.6821768E+02   1.3264581E+05   6.0000000E+00
         1        65        76   3.1373001E+02   1.6076856E+04   6.0000000E+00
         1        65        77   3.1373001E+02   8.9907960E+06   6.0000000E+00
         1        65        79   3.1651135E+02   9.6821188E+04   6.0000000E+00
         1        65       105   3.0175778E+02   1.3782875E+04   6.0000000E+00
         1        65       106   3.0082104E+02   1.0128006E+05   6.0000000E+00
         1        65       107   2.9973785E+02   3.1773236E+04   6.0000000E+00
         1        65       123   2.7536746E+02   1.0196528E+05   6.0000000E+00
         1        65       134   2.6875757E+02   8.7795312E+04   6.0000000E+00
         1        65       135   2.6900302E+02   1.2417273E+04   6.0000000E+00
         1        66        76   3.1373001E+02   1.2196271E+07   6.0000000E+00
         1        66        78   3.1856696E+02   9.8555212E+02   6.0000000E+00
         1        66        79   3.1786319E+02   1.0308470E+05   6.0000000E+00
         1        66       123   2.7588632E+02   1.0341886E+05   6.0000000E+00
         1        66       134   2.6940317E+02   1.5096991E+05   6.0000000E+00
         1        66       135   2.6978961E+02   6.8056035E+03   6.0000000E+00
         1        67        76   3.1525888E+02   8.1431828E+04   6.0000000E+00
         1        67        77   3.1437061E+02   2.1573867E+04   6.0000000E+00
         1        67        78   3.1922922E+02   9.6947180E+04   6.0000000E+00
         1        67       123   2.7642648E+02   1.1039854E+05   6.0000000E+00
         1        67       135   2.7008521E+02   1.1388268E+05   6.0000000E+00
         1        68        76   3.1687543E+02   1.0602578E+05   6.0000000E+00
         1        68        78   3.1989124E+02   9.4933130E+02   6.0000000E+00
         1        68        79   3.2055383E+02   9.7033094E+04   6.0000000E+00
         1        68       122   2.7752908E+02   9.6332867E+04   6.0000000E+00
         1        68       123   2.7699554E+02   1.1486035E+05   6.0000000E+00
         1        68       135   2.7073746E+02   8.2826320E+04   6.0000000E+00
         1        68       136   2.7044934E+02   3.4801566E+04   6.0000000E+00
         1        69        76   3.1872098E+02   1.0798677E+05   6.0000000E+00
         1        69       112   3.0295813E+02   6.7111479E+03   6.0000000E+00
         1        69       120   2.7873325E+02   1.9001100E+04   6.0000000E+00
         1        69       121   2.7840720E+02   1.1006114E+05   6.0000000E+00
         1        69       122   2.7811966E+02   3.7642502E+03   6.0000000E+00
         1        69       123   2.7794128E+02   6.6834305E+04   6.0000000E+00
         1        69       135   2.7122833E+02   1.1760082E+05   6.0000000E+00
         1        70        75   3.2136533E+02   4.7660200E+03   6.0000000E+00
         1        70        76   3.2030328E+02   7.5499414E+04   6.0000000E+00
         1        70       112   3.0199597E+02   1.4465651E+02   6.0000000E+00
         1        70       113   3.0044244E+02   1.0924746E+05   6.0000000E+00
         1        70       114   2.9749255E+02   1.0094343E+05   6.0000000E+00
         1        70       115   2.9559076E+02   3.4567715E+04   6.0000000E+00
         1        70       117   2.8505734E+02   2.4695266E+04   6.0000000E+00
         1        70       120   2.7928699E+02   1.2686652E+05   6.0000000E+00
         1        70       121   2.7887387E+02   3.6660742E+04   6.0000000E+00
         1        70       134   2.7202386E+02   1.8467534E+03   6.0000000E+00
         1        70       135   2.7176785E+02   1.0268167E+05   6.0000000E+00
         1        71        75   3.2257797E+02   9.2958320E+04   6.0000000E+00
         1        71       115   2.9416547E+02   6.6988266E+04   6.0000000E+00
         1        71       116   2.9186130E+02   9.7192719E+04   6.0000000E+00
         1        71       117   2.8931763E+02   8.4052727E+04   6.0000000E+00
         1        71       118   2.8677097E+02   9.7407414E+04   6.0000000E+00
         1        71       119   2.8389349E+02   5.8232844E+04   6.0000000E+00
         1        71       120   2.7991440E+02   1.2148965E+05   6.0000000E+00
         1        71       134   2.7234787E+02   1.3044223E+05   6.0000000E+00
         1        72        75   3.2423862E+02   9.9614969E+04   6.0000000E+00
         1        72       106   3.3345786E+02   9.6899367E+04   6.0000000E+00
         1        72       107   3.2178793E+02   9.9376016E+04   6.0000000E+00
         1        72       119   2.8238174E+02   4.9486133E+04   6.0000000E+00
         1        72       120   2.8102859E+02   4.6928461E+04   6.0000000E+00
         1        72       133   2.7301514E+02   8.2527734E+04   6.0000000E+00
         1        72       134   2.7274017E+02   2.9738406E+04   6.0000000E+00
         1        73        74   3.2686035E+02   5.4415980E+04   6.0000000E+00
         1        73        75   3.2574438E+02   7.4996055E+04   6.0000000E+00
         1        73       105   3.4294397E+02   8.0851375E+04   6.0000000E+00
         1        73       106   3.3927979E+02   5.1640930E+04   6.0000000E+00
         1        73       107   3.3699466E+02   3.0986832E+04   6.0000000E+00
         1        73       108   3.2765714E+02   1.1284669E+05   6.0000000E+00
         1        73       109   3.1835019E+02   2.4927674E+04   6.0000000E+00
         1        73       118   2.8134854E+02   6.2334520E+04   6.0000000E+00
         1        73       119   2.8203812E+02   1.0480237E+05   6.0000000E+00
         1        73       120   2.8104926E+02   1.0199649E+04   6.0000000E+00
         1        73       133   2.7345169E+02   9.5720023E+04   6.0000000E+00
         1        74        73   3.2906638E+02   2.0134086E+04   6.0000000E+00
         1        74        74   3.2811118E+02   9.0631875E+04   6.0000000E+00
         1        74       109   3.1502798E+02   9.5199180E+04   6.0000000E+00
         1        74       110   3.1045486E+02   7.0159195E+04   6.0000000E+00
         1        74       118   2.8278171E+02   7.5419648E+04   6.0000000E+00
         1        74       119   2.8338974E+02   7.1951750E+04   6.0000000E+00
         1        74       133   2.7392172E+02   9.6185320E+04   6.0000000E+00
         1        75       110   3.0755063E+02   3.4853793E+04   6.0000000E+00
         1        75       111   3.0360892E+02   1.0767321E+05   6.0000000E+00
         1        75       112   2.9936642E+02   4.5729156E+04   6.0000000E+00
         1        75       119   2.8418417E+02   1.2059566E+05   6.0000000E+00
         1        75       132   2.7526163E+02   1.1597577E+05   6.0000000E+00
         1        75       133   2.7444617E+02   2.9683326E+04   6.0000000E+00
         1        76       111   2.9885703E+02   7.6466812E+04   6.0000000E+00
         1        76       112   2.9817203E+02   4.1778805E+04   6.0000000E+00
         1        76       113   2.9422623E+02   1.0212317E+05   6.0000000E+00
         1        76       114   2.9104364E+02   9.8456113E+03   6.0000000E+00
         1        76       115   2.8931924E+02   2.3537754E+03   6.0000000E+00
         1        76       116   2.8787378E+02   9.6443770E+03   6.0000000E+00
         1        76       117   2.8734497E+02   3.1723553E+04   6.0000000E+00
         1        76       118   2.8683136E+02   9.2758789E+04   6.0000000E+00
         1        76       119   2.8556546E+02   5.4796762E+04   6.0000000E+00
         1        76       130   2.7748956E+02   1.4556216E+04   6.0000000E+00
         1        76       131   2.7667288E+02   1.3131942E+05   6.0000000E+00
         1        76       132   2.7592432E+02   2.3915354E+03   6.0000000E+00
         1        76       133   2.7552750E+02   1.2804668E+05   6.0000000E+00
         1        77       108   3.1449966E+02   8.9853672E+04   6.0000000E+00
         1        77       109   3.1133502E+02   4.4888082E+04   6.0000000E+00
         1        77       110   3.0601935E+02   1.2189474E+05   6.0000000E+00
         1        77       111   3.0024118E+02   1.5378810E+06   6.0000000E+00
         1        77       115   2.9094891E+02   1.0908173E+04   6.0000000E+00
         1        77       117   2.8612009E+02   7.9634453E+03   6.0000000E+00
         1        77       118   2.8501056E+02   7.9696039E+04   6.0000000E+00
         1        77       130   2.7815729E+02   1.0471339E+05   6.0000000E+00
         1        77       133   2.7649030E+02   9.7339305E+04   6.0000000E+00
         1        78       108   3.0958151E+02   2.9772891E+04   6.0000000E+00
         1        78       109   3.0187943E+02   5.4373430E+04   6.0000000E+00
         1        78       115   2.9337497E+02   8.8344229E+03   6.0000000E+00
         1        78       116   2.9469791E+02   1.9313492E+03   6.0000000E+00
         1        78       124   2.8534515E+02   1.3650759E+04   6.0000000E+00
         1        78       127   2.8206726E+02   3.7699074E+04   6.0000000E+00
         1        78       128   2.8104999E+02   7.3799440E+06   6.0000000E+00
         1        78       129   2.7983292E+02   1.0992093E+05   6.0000000E+00
         1        78       130   2.7898053E+02   4.2334844E+04   6.0000000E+00
         1        78       133   2.7735330E+02   1.0468222E+05   6.0000000E+00
         1        79       116   2.9615643E+02   9.9377520E+03   6.0000000E+00
         1        79       124   2.8791125E+02   1.1718491E+05   6.0000000E+00
         1        79       125   2.8622354E+02   9.8718703E+04   6.0000000E+00
         1        79       126   2.8440814E+02   1.0621438E+05   6.0000000E+00
         1        79       127   2.8296991E+02   7.7773547E+04   6.0000000E+00
         1        79       133   2.7866281E+02   8.4492555E+04   6.0000000E+00
         1        79       134   2.7936996E+02   9.9226514E+03   6.0000000E+00
         1        80       116   2.9861679E+02   1.0084180E+04   6.0000000E+00
         1        80       122   2.9226984E+02   1.2603719E+03   6.0000000E+00
         1        80       123   2.9125708E+02   1.1695298E+04   6.0000000E+00
         1        80       124   2.8958508E+02   9.6939316E+03   6.0000000E+00
         1        80       132   2.8010898E+02   7.7375875E+04   6.0000000E+00
         1        80       133   2.7931238E+02   3.7444191E+04   6.0000000E+00
         1        80       134   2.8028867E+02   1.1273880E+05   6.0000000E+00
         1        80       135   2.8145044E+02   4.2378852E+04   6.0000000E+00
         1        81       116   3.0036298E+02   4.1259087E+03   6.0000000E+00
         1        81       122   2.9328207E+02   1.1688593E+04   6.0000000E+00
         1        81       132   2.8137134E+02   1.0457784E+05   6.0000000E+00
         1        81       135   2.8252402E+02   1.0096167E+05   6.0000000E+00
         1        82       120   2.9684988E+02   2.1415552E+03   6.0000000E+00
         1        82       121   2.9581018E+02   1.1159017E+04   6.0000000E+00
         1        82       122   2.9456680E+02   4.7466533E+03   6.0000000E+00
         1        82       132   2.8278287E+02   9.8875883E+04   6.0000000E+00
         1        82       135   2.8408575E+02   1.0755522E+05   6.0000000E+00
         1        83       119   2.9965692E+02   1.0770840E+04   6.0000000E+00
         1        83       120   2.9812933E+02   4.9252915E+03   6.0000000E+00
         1        83       121   2.9706821E+02   6.5165277E+02   6.0000000E+00
         1        83       132   2.8550052E+02   3.1288111E+04   6.0000000E+00
         1        83       133   2.8437616E+02   1.3077919E+05   6.0000000E+00
         1        83       135   2.8565271E+02   1.0165929E+05   6.0000000E+00
         1        84       118   3.0193756E+02   1.2121543E+05   6.0000000E+00
         1        84       119   3.0073151E+02   2.7072195E+02   6.0000000E+00
         1        84       131   2.8809995E+02   2.7455559E+03   6.0000000E+00
         1        84       132   2.8702213E+02   1.5260656E+05   6.0000000E+00
         1        84       133   2.8584052E+02   1.7714002E+04   6.0000000E+00
         1        84       135   2.8723108E+02   1.0908208E+05   6.0000000E+00
         1        85       118   3.0405243E+02   9.6092266E+04   6.0000000E+00
         1        85       131   2.8907529E+02   1.3784133E+05   6.0000000E+00
         1        85       135   2.8812405E+02   1.0141974E+04   6.0000000E+00
         1        86       117   3.0622800E+02   1.0012951E+05   6.0000000E+00
         1        86       118   3.0512057E+02   1.3660037E+04   6.0000000E+00
         1        86       127   2.9497418E+02   2.1446426E+03   6.0000000E+00
         1        86       128   2.9417673E+02   9.3496352E+04   6.0000000E+00
         1        86       129   2.9277536E+02   1.0849273E+05   6.0000000E+00
         1        86       130   2.9123697E+02   1.1325211E+05   6.0000000E+00
         1        86       131   2.9024142E+02   3.0242389E+04   6.0000000E+00
         1        87       117   3.0721622E+02   1.4144546E+03   6.0000000E+00
         1        87       125   2.9792032E+02   3.6696628E+03   6.0000000E+00
         1        87       126   2.9691357E+02   1.0841541E+04   6.0000000E+00
         1        87       127   2.9564218E+02   7.4840073E+03   6.0000000E+00
         1        88       124   3.0297598E+02   6.6991885E+03   6.0000000E+00
         1        88       125   2.9996780E+02   7.4888506E+03   6.0000000E+00
         1        89       124   3.0647269E+02   9.7929586E+04   6.0000000E+00
         1        90       124   3.1062366E+02   9.7849625E+04   6.0000000E+00
         1        91       123   3.1697009E+02   9.7174055E+04   6.0000000E+00
         1        91       124   3.1380402E+02   5.2152082E+04   6.0000000E+00
         1        92       122   3.2127286E+02   1.0576503E+05   6.0000000E+00
         1        92       123   3.2369421E+02   8.4379014E+03   6.0000000E+00
         1        93       122   3.2541852E+02   7.2888688E+04   6.0000000E+00
         1        93       123   3.2801010E+02   4.9342387E+04   6.0000000E+00
         1        94       123   3.2934314E+02   1.3530194E+04   6.0000000E+00
